MODE 1
C Mock TOAs
3               1456.117 57953.2271459422424   44.753                 0.00000
3               1294.758 57953.2271461138248   44.525                 0.00000
3               1456.115 57953.2277834430157   54.544                 0.00000
3               1294.762 57953.2277836140832   34.227                 0.00000
3               1456.067 57953.2284199913126   62.592                 0.00000
3               1294.756 57953.2284201607104   43.328                 0.00000
3               1456.119 57953.2290563676963   54.119                 0.00000
3               1294.760 57953.2290565389960   41.522                 0.00000
3               1456.115 57953.2296290153848   69.835                 0.00000
3               1294.757 57953.2296291875322   61.565                 0.00000
C PUPPI TOAs
JUMP_1
3               1593.106 57979.1333851280255   60.045                 0.00000
3               1148.810 57979.1333851994062   52.948                 0.00000
3               1593.733 57979.1339679495721   61.466                 0.00000
3               1148.810 57979.1339680228758   67.101                 0.00000
3               1594.296 57979.1344936895784   52.608                 0.00000
3               1148.810 57979.1344937627106   66.812                 0.00000
3               1593.811 57979.1399486205532   30.685                 0.00000
3               1148.809 57979.1399486919071   38.656                 0.00000
3               1594.277 57979.1405313476568   34.353                 0.00000
3               1148.809 57979.1405314202061   49.487                 0.00000
3               1593.599 57979.1410565713733   46.324                 0.00000
3               1148.809 57979.1410566427125   62.538                 0.00000

3               1579.416 57981.0557350196588   63.850                 0.00000
3               1168.365 57981.0557349463306   71.486                 0.00000
3               1578.809 57981.0563189338036  159.200                 0.00000
3               1168.616 57981.0563188581952  122.812                 0.00000
3               1578.740 57981.0569010579611   78.981                 0.00000
3               1168.269 57981.0569009795062  100.249                 0.00000
C 3               1579.518 57981.0574827992008  199.332                 0.00000
3               1168.155 57981.0574826839485   77.574                 0.00000
3               1578.881 57981.0580675717211  130.316                 0.00000
3               1168.285 57981.0580674973440   84.626                 0.00000
3               1578.495 57981.0586503965995   65.194                 0.00000
3               1168.369 57981.0586503200911  127.499                 0.00000
3               1578.415 57981.0592326006398   83.255                 0.00000
3               1168.419 57981.0592325245095   92.204                 0.00000
3               1578.998 57981.0598161496760   70.524                 0.00000
3               1167.970 57981.0598160749517   87.979                 0.00000
3               1578.602 57981.0603992746931  101.717                 0.00000
3               1168.470 57981.0603991983714   70.103                 0.00000
3               1579.588 57981.0609829552152   71.435                 0.00000
3               1168.364 57981.0609828824361   63.768                 0.00000
3               1579.427 57981.0615666079997   70.944                 0.00000
C 3               1168.557 57981.0615665465050  170.031                 0.00000
3               1579.428 57981.0620921213797   80.061                 0.00000
3               1168.558 57981.0620920481269   62.149                 0.00000
3               1580.529 57981.1212436896133   60.095                 0.00000
3               1174.229 57981.1212435836520   48.047                 0.00000
3               1580.328 57981.1218278999256   65.660                 0.00000
3               1174.229 57981.1218277920561   46.626                 0.00000
3               1580.234 57981.1224113206809   49.699                 0.00000
3               1174.229 57981.1224112141635   49.291                 0.00000
3               1580.654 57981.1229933646162   68.289                 0.00000
3               1174.229 57981.1229932590191   87.610                 0.00000
3               1580.469 57981.1235767833616   77.727                 0.00000
3               1174.229 57981.1235766766510   57.823                 0.00000
3               1580.685 57981.1241596058534   55.429                 0.00000
3               1174.229 57981.1241594991556   37.385                 0.00000
3               1580.212 57981.1246848516529   75.563                 0.00000
3               1174.229 57981.1246847445979   39.803                 0.00000

3               1580.004 57982.0482342874857   65.313                 0.00000
3               1173.165 57982.0482341879460   44.230                 0.00000
3               1580.289 57982.0488181733289   76.800                 0.00000
3               1173.154 57982.0488180734887   69.210                 0.00000
3               1579.713 57982.0494018892592  113.343                 0.00000
3               1172.983 57982.0494017863798   66.007                 0.00000
3               1579.997 57982.0499844424463   85.842                 0.00000
3               1172.913 57982.0499843433703   56.897                 0.00000
3               1580.611 57982.0505678041986  117.973                 0.00000
3               1173.172 57982.0505677045669   61.573                 0.00000
3               1579.912 57982.0511505991722   68.674                 0.00000
3               1173.151 57982.0511504971468   51.316                 0.00000
3               1579.043 57982.0517330216242   65.260                 0.00000
3               1172.821 57982.0517329194804   50.304                 0.00000
3               1578.527 57982.0523166407199   78.354                 0.00000
3               1172.597 57982.0523165395530   61.486                 0.00000
3               1578.530 57982.0528994921465   81.320                 0.00000
3               1172.595 57982.0528993902569   74.611                 0.00000
3               1579.036 57982.0534841266779   67.804                 0.00000
3               1170.464 57982.0534840392830   64.792                 0.00000
3               1578.997 57982.0540648503763   39.874                 0.00000
3               1170.734 57982.0540647601744   54.479                 0.00000
3               1579.298 57982.0545915627276   79.178                 0.00000
C 3               1170.153 57982.0545915072519  107.380                 0.00000

3               1579.829 57982.0756310402935   69.741                 0.00000
3               1173.860 57982.0756309331859   43.297                 0.00000
3               1580.071 57982.0762143830661   51.882                 0.00000
3               1173.959 57982.0762142777532   51.882                 0.00000
3               1579.786 57982.0767971155917   43.542                 0.00000
3               1174.352 57982.0767970073880   38.594                 0.00000
3               1580.299 57982.0773806040154   53.936                 0.00000
3               1173.911 57982.0773805006708   72.813                 0.00000
3               1580.086 57982.0779636755185   46.545                 0.00000
3               1174.078 57982.0779635705682   49.344                 0.00000
3               1579.958 57982.0785469147013   68.208                 0.00000
3               1174.076 57982.0785468105221   40.264                 0.00000
3               1579.855 57982.0791295369685   60.800                 0.00000
3               1174.284 57982.0791294307167   39.750                 0.00000
3               1580.302 57982.0797129114431   65.608                 0.00000
3               1174.229 57982.0797128070061   55.765                 0.00000
3               1579.782 57982.0802968488149   48.675                 0.00000
3               1174.185 57982.0802967429299   82.455                 0.00000
3               1580.015 57982.0808793790249   69.224                 0.00000
3               1174.013 57982.0808792747784   56.096                 0.00000
3               1580.360 57982.0814624672689   56.446                 0.00000
3               1174.483 57982.0814623619516   62.309                 0.00000
3               1579.933 57982.0820455249529   75.573                 0.00000
3               1174.210 57982.0820454205796   55.160                 0.00000
3               1579.993 57982.0826289428682   50.675                 0.00000
3               1174.390 57982.0826288371936   54.367                 0.00000
3               1580.481 57982.0830370401433  126.564                 0.00000
3               1174.291 57982.0830369342837   84.797                 0.00000

3               1579.834 57983.0462088508050   65.821                 0.00000
3               1173.878 57983.0462089454147   62.501                 0.00000
C 3               1579.559 57983.0467929593686  105.878                 0.00000
3               1173.715 57983.0467929278130   63.382                 0.00000
3               1580.559 57983.0473754479484  118.560                 0.00000
3               1173.817 57983.0473755474925   65.004                 0.00000
C 3               1580.932 57983.0479585839205  117.801                 0.00000
C 3               1173.305 57983.0479584654890   99.932                 0.00000
3               1579.428 57983.0485426965654   85.738                 0.00000
3               1173.793 57983.0485427903543   56.282                 0.00000
3               1578.631 57983.0491245768055  102.705                 0.00000
3               1173.817 57983.0491246691796   80.914                 0.00000
3               1579.354 57983.0497070592412   70.329                 0.00000
3               1172.564 57983.0497071599383   77.824                 0.00000
3               1579.905 57983.0502909323255   49.865                 0.00000
3               1171.656 57983.0502910384786   71.121                 0.00000
3               1580.364 57983.0508746295551  105.432                 0.00000
3               1169.945 57983.0508747462573   46.650                 0.00000
3               1581.036 57983.0514579525104   86.054                 0.00000
3               1170.093 57983.0514580675779  136.704                 0.00000
3               1580.553 57983.0520412982777   69.551                 0.00000
3               1169.729 57983.0520414162158   91.583                 0.00000
3               1580.204 57983.0526238815305   69.706                 0.00000
3               1169.725 57983.0526239983304   39.733                 0.00000
3               1580.017 57983.0532072700267   58.526                 0.00000
3               1169.434 57983.0532073882408   80.148                 0.00000
3               1580.156 57983.0537908774463   74.763                 0.00000
3               1169.403 57983.0537909969281  101.172                 0.00000
3               1580.403 57983.0543750969723   66.251                 0.00000
3               1169.697 57983.0543752160265   89.523                 0.00000
3               1580.661 57983.0549585558484   88.467                 0.00000
3               1169.562 57983.0549586737902   93.428                 0.00000
3               1580.023 57983.0555410599635  114.473                 0.00000
3               1170.441 57983.0555411717858   56.486                 0.00000
3               1580.560 57983.0561235856532   47.919                 0.00000
3               1170.385 57983.0561237001718   74.603                 0.00000
3               1580.373 57983.0567075124379   81.125                 0.00000
3               1171.358 57983.0567076211679  104.261                 0.00000
3               1580.492 57983.0572924467079   55.195                 0.00000
3               1172.911 57983.0572925495773   75.152                 0.00000
3               1580.218 57983.0578740696075   79.763                 0.00000
3               1173.465 57983.0578741658214   75.608                 0.00000
3               1580.234 57983.0584568976102   67.183                 0.00000
3               1174.199 57983.0584569905792   64.956                 0.00000
3               1580.270 57983.0590381814732   44.662                 0.00000
3               1173.863 57983.0590382754482   49.252                 0.00000
3               1580.733 57983.0596220428101   87.829                 0.00000
3               1173.582 57983.0596221383445   57.871                 0.00000
3               1580.672 57983.0602039696860   79.195                 0.00000
3               1172.889 57983.0602040682235   45.623                 0.00000
3               1581.080 57983.0607888635716   82.403                 0.00000
3               1173.201 57983.0607889639185   69.965                 0.00000
3               1581.091 57983.0613716291667   51.646                 0.00000
3               1172.871 57983.0613717300475   68.161                 0.00000
3               1580.600 57983.0619536327186   61.711                 0.00000
3               1172.907 57983.0619537358121   56.256                 0.00000
3               1580.906 57983.0625368442918   71.568                 0.00000
3               1173.389 57983.0625369430579   69.475                 0.00000
C 3               1580.697 57983.0630046970804  104.124                 0.00000
3               1173.226 57983.0630047496804   63.017                 0.00000

C 3               1558.614 57989.0580029395861   68.227                 0.00000
C 3               1254.502 57989.0580029250082  129.568                 0.00000
C 3               1558.382 57989.0585867930980   92.392                 0.00000
C 3               1254.564 57989.0585868228782  110.098                 0.00000
3               1558.562 57989.0591686810222  105.550                 0.00000
3               1254.484 57989.0591687124089  117.639                 0.00000
3               1558.428 57989.0597530948117   69.790                 0.00000
3               1254.542 57989.0597531228283   68.988                 0.00000
3               1558.568 57989.0603363068459  150.083                 0.00000
3               1254.605 57989.0603363341160   85.351                 0.00000
3               1558.602 57989.0609198857511  154.298                 0.00000
3               1254.793 57989.0609199143202   75.841                 0.00000
C 3               1558.255 57989.0615030724999  104.879                 0.00000
3               1254.793 57989.0615030767128   99.535                 0.00000
C 3               1558.208 57989.0620853127798  115.790                 0.00000
3               1254.793 57989.0620854357150   70.425                 0.00000
3               1558.224 57989.0626683268580   68.397                 0.00000
3               1254.701 57989.0626683507653   67.512                 0.00000
3               1558.184 57989.0632520044328  162.056                 0.00000
C 3               1254.793 57989.0632519194809  120.576                 0.00000
3               1558.166 57989.0638354526662   88.240                 0.00000
3               1254.793 57989.0638354814037   79.637                 0.00000
3               1558.307 57989.0644186858989  171.673                 0.00000
3               1254.609 57989.0644187086167   51.711                 0.00000
3               1558.409 57989.0650012924612  109.811                 0.00000
3               1254.701 57989.0650013192038   76.479                 0.00000
C 3               1558.230 57989.0655852996601  123.377                 0.00000
C 3               1254.564 57989.0655852609872   61.739                 0.00000
3               1558.217 57989.0661672070836   70.267                 0.00000
3               1254.564 57989.0661672346641  109.493                 0.00000
3               1558.055 57989.0667509012606   51.973                 0.00000
C 3               1254.564 57989.0667508072723   90.910                 0.00000
3               1557.349 57989.0673328022327   87.557                 0.00000
3               1254.564 57989.0673328263940   84.878                 0.00000
3               1556.145 57989.0679166346829   60.754                 0.00000
3               1254.564 57989.0679166593431   89.894                 0.00000
3               1556.189 57989.0685010214663   62.129                 0.00000
3               1254.693 57989.0685010405133  167.431                 0.00000
C 3               1557.244 57989.0690841850677   84.782                 0.00000
C 3               1254.564 57989.0690841958868  179.338                 0.00000
3               1558.210 57989.0696665516034   91.015                 0.00000
3               1254.564 57989.0696665810645   79.333                 0.00000
3               1558.284 57989.0702498585589   54.083                 0.00000
3               1254.564 57989.0702498878750  187.879                 0.00000
3               1558.433 57989.0708319585939   74.777                 0.00000
3               1254.655 57989.0708319846341   60.817                 0.00000
C 3               1558.497 57989.0714160041495   68.647                 0.00000
3               1254.747 57989.0714160127763  110.604                 0.00000
C 3               1558.100 57989.0719996495847   85.814                 0.00000
3               1254.564 57989.0719996184896   76.532                 0.00000
3               1558.275 57989.0725821813285  161.232                 0.00000
3               1254.564 57989.0725822099596   96.966                 0.00000
3               1558.293 57989.0731655313532   77.227                 0.00000
3               1254.564 57989.0731655571872   67.404                 0.00000
SKIP
3               1558.208 57989.0737488548955  110.303                 0.00000
3               1254.564 57989.0737488708389   58.306                 0.00000
3               1557.504 57989.0743321336099  136.416                 0.00000
C 3               1254.569 57989.0743320467049  141.688                 0.00000
3               1557.262 57989.0749154017524   88.718                 0.00000
C 3               1254.573 57989.0749153098831   71.800                 0.00000
3               1556.967 57989.0754980348057   84.135                 0.00000
3               1254.573 57989.0754980247171  142.697                 0.00000
3               1557.018 57989.0760816422675   92.630                 0.00000
3               1254.573 57989.0760816459090  115.300                 0.00000
3               1557.043 57989.0766644201763  199.610                 0.00000
3               1254.573 57989.0766644050366   70.878                 0.00000
3               1556.962 57989.0772477714736   98.274                 0.00000
3               1254.573 57989.0772478104041  112.042                 0.00000
3               1556.938 57989.0778309026062  123.616                 0.00000
3               1254.573 57989.0778309403271   89.604                 0.00000
3               1556.938 57989.0784138170809  127.634                 0.00000
3               1254.573 57989.0784138092716  164.918                 0.00000
3               1556.956 57989.0789968993038  118.030                 0.00000
C 3               1254.573 57989.0789967979350   84.418                 0.00000
C 3               1556.938 57989.0795802568559  107.404                 0.00000
C 3               1254.573 57989.0795802973413  128.173                 0.00000
3               1557.006 57989.0801624322648  101.467                 0.00000
3               1254.573 57989.0801624552807   77.353                 0.00000
C 3               1556.938 57989.0807465509196  151.751                 0.00000
3               1254.573 57989.0807466577594  129.381                 0.00000
3               1556.964 57989.0813298546183  109.769                 0.00000
3               1254.573 57989.0813298916743  118.919                 0.00000
C 3               1557.009 57989.0819133514670  213.601                 0.00000
3               1254.573 57989.0819134829337  191.328                 0.00000
C 3               1557.015 57989.0824959658326   86.806                 0.00000
C 3               1254.573 57989.0824959961407  111.029                 0.00000
3               1556.956 57989.0830792402845   73.978                 0.00000
3               1254.573 57989.0830792664592  105.605                 0.00000
3               1557.017 57989.0836618163530   98.792                 0.00000
3               1254.573 57989.0836618617339  127.109                 0.00000
C 3               1556.938 57989.0842450819311   83.067                 0.00000
3               1254.573 57989.0842452067262  126.125                 0.00000
3               1556.947 57989.0848283507696   77.268                 0.00000
3               1254.573 57989.0848283858601   81.548                 0.00000
3               1556.938 57989.0854115094334  199.977                 0.00000
3               1254.573 57989.0854115560741   93.886                 0.00000
3               1556.956 57989.0859944847591   96.804                 0.00000
3               1254.573 57989.0859945068554  100.716                 0.00000
3               1557.034 57989.0865778303370   69.245                 0.00000
3               1254.573 57989.0865778579659  100.359                 0.00000
3               1556.993 57989.0871613780886   89.614                 0.00000
3               1254.573 57989.0871614183956   98.354                 0.00000
3               1556.958 57989.0877445573102   67.691                 0.00000
C 3               1254.568 57989.0877445321197   80.905                 0.00000
3               1557.001 57989.0883281107152   79.688                 0.00000
3               1254.569 57989.0883281430280  143.819                 0.00000
C 3               1556.964 57989.0889106299936   88.087                 0.00000
C 3               1254.569 57989.0889107622175   73.232                 0.00000
3               1557.004 57989.0894934878579  156.742                 0.00000
3               1254.573 57989.0894934813721   79.936                 0.00000
3               1556.970 57989.0900768730090  112.907                 0.00000
3               1254.573 57989.0900768969104   85.733                 0.00000
3               1556.938 57989.0906600812515  103.996                 0.00000
3               1254.573 57989.0906600696043  137.592                 0.00000
3               1556.938 57989.0912431077171  101.796                 0.00000
3               1254.573 57989.0912430946079  102.512                 0.00000
3               1556.865 57989.0918259441425   95.108                 0.00000
3               1254.573 57989.0918259628383   84.293                 0.00000
3               1557.031 57989.0924095801161  164.205                 0.00000
3               1254.573 57989.0924096164520   75.297                 0.00000
3               1556.938 57989.0929926506738  186.473                 0.00000
3               1254.573 57989.0929926706888  108.999                 0.00000
3               1556.938 57989.0935757324497   69.181                 0.00000
C 3               1254.573 57989.0935756621359  181.871                 0.00000
3               1556.938 57989.0941592192733  122.327                 0.00000
3               1254.573 57989.0941592442189  169.866                 0.00000
3               1556.938 57989.0947423604342   97.953                 0.00000
3               1254.573 57989.0947423926792   88.069                 0.00000
3               1556.938 57989.0953254716343  123.550                 0.00000
3               1254.573 57989.0953255055080   93.638                 0.00000
3               1556.947 57989.0959084445341  112.542                 0.00000
C 3               1254.573 57989.0959083686663   91.121                 0.00000
3               1556.947 57989.0964918078610  149.064                 0.00000
C 3               1254.573 57989.0964917798881   79.632                 0.00000
3               1557.015 57989.0970752186928  378.531                 0.00000
C 3               1254.573 57989.0970751290740   89.458                 0.00000
3               1556.972 57989.0976586448239   76.460                 0.00000
3               1254.573 57989.0976586940653   68.006                 0.00000
3               1556.938 57989.0982413039741   66.505                 0.00000
3               1254.571 57989.0982413290143  113.236                 0.00000
3               1556.958 57989.0988244009652  115.088                 0.00000
3               1254.571 57989.0988243988939  145.715                 0.00000
3               1556.938 57989.0994074862445   89.238                 0.00000
C 3               1254.573 57989.0994074120288  130.535                 0.00000
3               1556.938 57989.0999906167146   95.723                 0.00000
3               1254.573 57989.0999906505586   62.284                 0.00000
C 3               1556.938 57989.1005736832276  402.705                 0.00000
3               1254.573 57989.1005738035271  138.940                 0.00000
C 3               1556.956 57989.1011567098236  146.040                 0.00000
3               1254.573 57989.1011567802815   69.019                 0.00000
3               1556.938 57989.1017401589514   72.947                 0.00000
3               1254.573 57989.1017401773507   73.919                 0.00000
3               1556.938 57989.1023232032224   84.064                 0.00000
3               1254.571 57989.1023232350982   93.411                 0.00000
3               1556.947 57989.1029064554313   78.391                 0.00000
3               1254.573 57989.1029064843115   94.697                 0.00000
C 3               1556.938 57989.1034896309206  116.382                 0.00000
3               1254.573 57989.1034895626033   84.623                 0.00000
3               1556.938 57989.1040726568044   87.494                 0.00000
3               1254.573 57989.1040727026580   85.398                 0.00000
3               1556.938 57989.1046556142894   79.709                 0.00000
3               1254.573 57989.1046556418388   96.317                 0.00000
3               1556.938 57989.1052387787694   95.511                 0.00000
3               1254.573 57989.1052388000587   95.107                 0.00000
C 3               1556.938 57989.1058219087571  106.182                 0.00000
3               1254.573 57989.1058220007651  181.597                 0.00000
3               1556.947 57989.1064050061339  108.970                 0.00000
3               1254.573 57989.1064050117413  102.102                 0.00000
3               1556.938 57989.1069882535400  165.179                 0.00000
3               1254.573 57989.1069882522819  122.759                 0.00000
3               1556.938 57989.1075713527243   90.300                 0.00000
3               1254.566 57989.1075713764009  124.672                 0.00000
C 3               1556.938 57989.1081544428864  192.697                 0.00000
3               1255.074 57989.1081544999910   81.229                 0.00000
3               1556.938 57989.1087377700650  104.429                 0.00000
3               1254.573 57989.1087378066234   73.674                 0.00000
C 3               1556.938 57989.1093209861795  262.180                 0.00000
3               1254.573 57989.1093209546194  116.092                 0.00000
3               1556.951 57989.1099041018095  150.513                 0.00000
3               1254.573 57989.1099041353926  144.869                 0.00000
3               1556.938 57989.1104869492033  117.593                 0.00000
3               1254.573 57989.1104869583561  169.170                 0.00000
3               1556.938 57989.1110703540318   98.245                 0.00000
3               1254.573 57989.1110703745083   86.560                 0.00000
C 3               1556.938 57989.1116534750776   86.741                 0.00000
3               1254.573 57989.1116534343181  117.421                 0.00000
C 3               1556.938 57989.1122364022881  109.941                 0.00000
C 3               1254.573 57989.1122364778365  154.648                 0.00000
C 3               1558.005 57989.1128187712507  102.722                 0.00000
C 3               1254.568 57989.1128187564544  140.165                 0.00000
3               1558.678 57989.1134023260831   98.738                 0.00000
3               1254.564 57989.1134023569245  158.307                 0.00000
C 3               1558.389 57989.1139864451186   79.862                 0.00000
C 3               1254.564 57989.1139865333935  100.179                 0.00000
C 3               1558.189 57989.1145688681149  123.470                 0.00000
C 3               1254.564 57989.1145687847750  106.841                 0.00000
3               1558.408 57989.1151526293364   90.546                 0.00000
C 3               1254.564 57989.1151525510297  179.099                 0.00000
NOSKIP
3               1558.410 57989.1157356390477   85.553                 0.00000
3               1254.564 57989.1157356654928   58.069                 0.00000
3               1558.248 57989.1163186726826   90.060                 0.00000
3               1254.564 57989.1163186973731   86.743                 0.00000
C 3               1558.378 57989.1169018183018   70.396                 0.00000
C 3               1254.564 57989.1169018145889   89.535                 0.00000
3               1558.371 57989.1174855785253   56.484                 0.00000
C 3               1254.564 57989.1174854959932  213.598                 0.00000
3               1558.494 57989.1180678773800  126.680                 0.00000
3               1254.564 57989.1180679056718   90.150                 0.00000
3               1558.299 57989.1186513736516   75.930                 0.00000
3               1254.564 57989.1186514008258  103.261                 0.00000
3               1558.553 57989.1192348851065  132.412                 0.00000
3               1254.564 57989.1192349111252   96.458                 0.00000
3               1558.534 57989.1198176227263   85.747                 0.00000
3               1254.609 57989.1198176493418   54.541                 0.00000
3               1558.485 57989.1204007684524   84.133                 0.00000
C 3               1254.609 57989.1204006703559  176.650                 0.00000
3               1558.494 57989.1209841223758   95.740                 0.00000
3               1254.564 57989.1209841512510   62.553                 0.00000
3               1558.509 57989.1215674876412  115.588                 0.00000
3               1254.564 57989.1215675145607  160.797                 0.00000
3               1558.310 57989.1221498838116   83.492                 0.00000
3               1254.564 57989.1221499086715  129.521                 0.00000
C 3               1558.467 57989.1227331806197   93.047                 0.00000
C 3               1254.564 57989.1227331875884  136.154                 0.00000
3               1558.373 57989.1233160779636   64.706                 0.00000
3               1254.657 57989.1233161020339   65.543                 0.00000
3               1558.612 57989.1238996740407   77.621                 0.00000
3               1254.564 57989.1238997007741   83.899                 0.00000
C 3               1558.525 57989.1244835643630  120.791                 0.00000
3               1254.564 57989.1244835045509   79.001                 0.00000
3               1558.499 57989.1250645358823   80.020                 0.00000
3               1254.564 57989.1250645631686   56.015                 0.00000
3               1558.542 57989.1256491345170  111.732                 0.00000
3               1254.564 57989.1256491607752   88.304                 0.00000
3               1558.432 57989.1262317748063   63.794                 0.00000
3               1254.564 57989.1262317992844   77.188                 0.00000
3               1558.643 57989.1268155895100  148.654                 0.00000
3               1254.564 57989.1268156169873  123.800                 0.00000
3               1558.516 57989.1273988216325   99.580                 0.00000
3               1254.564 57989.1273988471195  170.735                 0.00000
3               1558.455 57989.1279802813499  106.662                 0.00000
3               1255.206 57989.1279803094013   62.588                 0.00000
C 3               1558.570 57989.1285651881499  122.867                 0.00000
3               1255.586 57989.1285653068260  123.261                 0.00000
3               1558.533 57989.1291471327110  117.468                 0.00000
3               1255.201 57989.1291471597907   75.646                 0.00000
3               1558.301 57989.1297301655906   79.182                 0.00000
3               1254.564 57989.1297301918106  168.267                 0.00000
3               1558.256 57989.1303147602977   82.472                 0.00000
C 3               1254.564 57989.1303147087450  146.404                 0.00000
3               1558.365 57989.1308967938294   46.564                 0.00000
3               1254.412 57989.1308968218901  111.078                 0.00000
3               1558.542 57989.1314803931139  114.475                 0.00000
C 3               1254.564 57989.1314803123363   83.696                 0.00000
3               1558.568 57989.1320641821849   63.517                 0.00000
3               1254.564 57989.1320642092577   66.470                 0.00000
C 3               1558.591 57989.1326466856380  139.442                 0.00000
C 3               1254.564 57989.1326468183015  140.223                 0.00000
3               1558.472 57989.1332295709808  100.128                 0.00000
3               1254.564 57989.1332295976541  122.084                 0.00000
3               1558.420 57989.1338133230104  159.917                 0.00000
3               1254.564 57989.1338133516632   77.705                 0.00000
3               1558.313 57989.1343953006162  101.237                 0.00000
3               1254.564 57989.1343953234003  293.066                 0.00000
C 3               1558.747 57989.1349780223577   93.995                 0.00000
3               1254.564 57989.1349780720744  155.381                 0.00000
C 3               1558.440 57989.1355632201806  159.687                 0.00000
3               1254.564 57989.1355631621364   72.758                 0.00000
3               1558.813 57989.1361456521733   83.566                 0.00000
3               1254.564 57989.1361456812843  146.781                 0.00000
3               1558.686 57989.1367287415977   73.374                 0.00000
3               1254.564 57989.1367287695578   71.506                 0.00000
3               1559.050 57989.1373116142936   57.241                 0.00000
3               1254.564 57989.1373116437668   94.312                 0.00000
3               1558.479 57989.1378966325045   67.103                 0.00000
3               1254.609 57989.1378966586331  106.601                 0.00000
3               1556.922 57989.1384773069550  101.478                 0.00000
3               1254.564 57989.1384773305467   74.341                 0.00000
C 3               1556.452 57989.1388283140462  112.824                 0.00000
C 3               1254.564 57989.1388282450874   83.966                 0.00000

3               1580.600 57991.1000981323260   68.569                 0.00000
C 3               1243.584 57991.1000980809993  115.509                 0.00000
3               1580.600 57991.1006817523025   54.441                 0.00000
3               1243.584 57991.1006816833826  173.882                 0.00000
3               1580.600 57991.1012649580095   93.957                 0.00000
3               1243.584 57991.1012648900943   64.034                 0.00000
3               1580.600 57991.1018481404371  111.516                 0.00000
3               1243.584 57991.1018480721107  117.581                 0.00000
3               1580.600 57991.1024312981003   44.525                 0.00000
3               1243.584 57991.1024312314875   64.225                 0.00000
3               1580.600 57991.1030144294709   79.661                 0.00000
3               1243.584 57991.1030143649371   58.650                 0.00000
C 3               1580.600 57991.1033643327559  110.099                 0.00000
3               1243.584 57991.1033643498126   89.164                 0.00000


C 3               1583.025 58004.9864173147908  157.990                 0.00000
3               1247.630 58004.9864173245571  118.915                 0.00000
C 3               1583.025 58004.9870010215397  132.306                 0.00000
C 3               1247.630 58004.9870009199680  245.283                 0.00000
C 3               1583.025 58004.9875840933954  112.358                 0.00000
C 3               1247.630 58004.9875842006242  126.031                 0.00000
3               1583.025 58004.9881673944969  110.722                 0.00000
3               1247.630 58004.9881673161530   66.564                 0.00000
C 3               1583.025 58004.9887503539670  159.263                 0.00000
C 3               1247.630 58004.9887502805786   90.162                 0.00000
3               1583.025 58004.9893335368892  153.241                 0.00000
C 3               1247.630 58004.9893335315719  178.595                 0.00000
C 3               1583.025 58004.9899167469265  100.841                 0.00000
C 3               1247.630 58004.9899167522691  108.134                 0.00000
3               1583.025 58004.9905000162529  102.275                 0.00000
C 3               1247.630 58004.9904999109640   90.008                 0.00000
C 3               1583.025 58004.9910833078431  182.890                 0.00000
3               1247.630 58004.9910832529622  171.531                 0.00000
C 3               1583.025 58004.9916666434817  276.271                 0.00000
C 3               1247.630 58004.9916666424903  135.233                 0.00000
3               1583.025 58004.9922497110803  113.775                 0.00000
C 3               1247.630 58004.9922496406734  150.947                 0.00000
C 3               1583.025 58004.9928326774668  184.740                 0.00000
3               1247.630 58004.9928326914507  122.339                 0.00000
3               1583.025 58004.9934160131118  115.480                 0.00000
C 3               1247.630 58004.9934160492439  121.375                 0.00000
C 3               1583.025 58004.9939989267336   73.468                 0.00000
C 3               1247.630 58004.9939990579878  189.675                 0.00000
3               1583.025 58004.9945822249790   98.677                 0.00000
C 3               1247.630 58004.9945821775569  200.765                 0.00000
3               1583.025 58004.9951653881624  106.743                 0.00000
C 3               1247.630 58004.9951652583895  165.507                 0.00000
3               1583.025 58004.9957485337529  130.589                 0.00000
C 3               1247.630 58004.9957483918599  125.224                 0.00000
C 3               1583.025 58004.9963315681174  230.396                 0.00000
3               1247.630 58004.9963315700305   58.307                 0.00000
C 3               1583.025 58004.9969146110385   99.359                 0.00000
3               1247.630 58004.9969146585787   95.852                 0.00000
3               1583.025 58004.9974979953608   79.616                 0.00000
3               1247.630 58004.9974979170105  219.163                 0.00000
C 3               1583.025 58004.9980810176424  169.115                 0.00000
3               1247.630 58004.9980809513823  151.439                 0.00000
C 3               1583.025 58004.9986641885394  147.867                 0.00000
3               1247.630 58004.9986641476601  149.111                 0.00000
C 3               1583.025 58004.9992473800755  119.694                 0.00000
3               1247.630 58004.9992473230274   95.695                 0.00000
3               1583.025 58004.9998305429814   61.396                 0.00000
3               1247.630 58004.9998304641983  177.425                 0.00000
C 3               1583.025 58005.0004133517512  105.505                 0.00000
3               1247.630 58005.0004133753858  154.488                 0.00000
3               1583.025 58005.0009965327427   64.072                 0.00000
C 3               1247.630 58005.0009964455339  112.743                 0.00000
3               1583.025 58005.0015797772898  122.150                 0.00000
C 3               1247.630 58005.0015797805471   71.334                 0.00000
C 3               1583.025 58005.0021627719001  127.717                 0.00000
3               1247.630 58005.0021627115435   99.790                 0.00000
C 3               1583.025 58005.0027458368162  106.600                 0.00000
C 3               1247.630 58005.0027458749621  141.013                 0.00000
C 3               1583.025 58005.0033290623812   80.278                 0.00000
3               1247.630 58005.0033290345671  114.953                 0.00000
3               1583.025 58005.0039124232531  115.433                 0.00000
C 3               1247.630 58005.0039122756081  158.298                 0.00000
C 3               1583.025 58005.0044954885699   97.942                 0.00000
C 3               1247.630 58005.0044954424807   64.139                 0.00000
3               1583.025 58005.0050785541127   90.005                 0.00000
3               1247.630 58005.0050784761685  103.898                 0.00000
C 3               1583.025 58005.0056616827789  106.917                 0.00000
3               1247.630 58005.0056616916556   91.709                 0.00000
3               1583.025 58005.0062449541716  104.298                 0.00000
3               1247.630 58005.0062448741185  131.172                 0.00000
C 3               1583.025 58005.0068281307100  114.362                 0.00000
3               1247.630 58005.0068280285243   60.998                 0.00000
3               1583.025 58005.0074112303132   72.967                 0.00000
C 3               1247.630 58005.0074111048402   98.690                 0.00000
3               1583.025 58005.0079943239310  111.346                 0.00000
3               1247.630 58005.0079942475560   79.336                 0.00000
3               1583.025 58005.0085775860784  189.883                 0.00000
C 3               1247.630 58005.0085774927224  106.918                 0.00000
3               1583.025 58005.0091606203833   80.830                 0.00000
C 3               1247.630 58005.0091605298683  111.843                 0.00000
3               1583.025 58005.0097438324466  163.811                 0.00000
3               1247.630 58005.0097437525238  102.081                 0.00000
C 3               1583.025 58005.0103270299068   72.438                 0.00000
3               1247.630 58005.0103269316294  111.906                 0.00000
3               1583.025 58005.0109105623439   89.417                 0.00000
3               1247.630 58005.0109104840474  105.881                 0.00000
C 3               1583.025 58005.0114936900963  110.671                 0.00000
3               1247.630 58005.0114936190549   52.676                 0.00000
C 3               1583.025 58005.0120768258792   98.796                 0.00000
3               1247.630 58005.0120767334994  115.998                 0.00000
3               1583.025 58005.0126597062609   79.491                 0.00000
3               1247.630 58005.0126596278151  200.036                 0.00000
3               1583.025 58005.0132429758494   71.084                 0.00000
3               1247.630 58005.0132428981410   77.955                 0.00000
3               1583.025 58005.0138262293588   66.370                 0.00000
3               1247.630 58005.0138261499398  110.584                 0.00000
C 3               1583.025 58005.0144092537079  108.015                 0.00000
3               1247.630 58005.0144091903187  160.864                 0.00000
3               1583.025 58005.0149924906182  113.672                 0.00000
3               1247.630 58005.0149924121591  140.463                 0.00000
3               1583.025 58005.0155757002361   94.985                 0.00000
3               1247.630 58005.0155756189984  112.381                 0.00000
C 3               1583.025 58005.0161585907205  182.586                 0.00000
C 3               1247.630 58005.0161587256981  181.087                 0.00000
3               1583.025 58005.0167418916355   88.343                 0.00000
3               1247.630 58005.0167418131775   87.512                 0.00000
3               1583.025 58005.0173250729456   64.173                 0.00000
3               1247.630 58005.0173249954628   92.823                 0.00000
3               1583.025 58005.0179082473274  158.944                 0.00000
3               1247.630 58005.0179081710902   81.119                 0.00000
C 3               1583.025 58005.0184914355081   96.945                 0.00000
C 3               1247.630 58005.0184913994787  134.087                 0.00000
3               1583.025 58005.0190745867708   94.619                 0.00000
3               1247.630 58005.0190745093398  129.097                 0.00000
3               1583.025 58005.0196577537195   84.835                 0.00000
3               1247.630 58005.0196576746340   96.045                 0.00000
3               1583.025 58005.0202409166464  115.145                 0.00000
3               1247.630 58005.0202408424779  104.448                 0.00000
3               1583.025 58005.0208240923574   88.023                 0.00000
3               1247.630 58005.0208240159344  123.403                 0.00000
3               1583.025 58005.0214070713931   89.219                 0.00000
3               1247.630 58005.0214069949333  159.078                 0.00000
3               1583.025 58005.0219902518629  152.119                 0.00000
3               1247.630 58005.0219901744913   69.903                 0.00000
C 3               1583.025 58005.0225731301186  111.618                 0.00000
3               1247.630 58005.0225731626881  127.462                 0.00000
3               1583.025 58005.0231564379248  136.479                 0.00000
3               1247.630 58005.0231563610687  153.313                 0.00000
3               1583.025 58005.0237396462050  229.492                 0.00000
3               1247.630 58005.0237395662328   74.404                 0.00000
3               1583.025 58005.0243228579045  109.920                 0.00000
3               1247.630 58005.0243227799667   93.256                 0.00000
3               1583.025 58005.0249058935118   59.641                 0.00000
C 3               1247.630 58005.0249059106659  184.532                 0.00000
3               1583.025 58005.0254891350085   83.092                 0.00000
3               1247.630 58005.0254890576158   49.214                 0.00000
C 3               1583.025 58005.0260721833141  104.552                 0.00000
3               1247.630 58005.0260721193547   68.206                 0.00000
3               1583.025 58005.0266554735503   85.737                 0.00000
3               1247.630 58005.0266553920899  165.503                 0.00000
C 3               1583.025 58005.0272385984254   88.430                 0.00000
3               1247.630 58005.0272384895543  122.183                 0.00000
3               1583.025 58005.0278216836759  174.678                 0.00000
3               1247.630 58005.0278216015114   99.741                 0.00000
3               1583.025 58005.0284048192435  101.094                 0.00000
C 3               1247.630 58005.0284048182378  164.660                 0.00000
C 3               1583.025 58005.0289879811618  103.522                 0.00000
3               1247.630 58005.0289878874487   89.492                 0.00000
C 3               1583.025 58005.0295711749662  188.396                 0.00000
C 3               1247.630 58005.0295711760998   94.395                 0.00000
3               1583.025 58005.0301543386166   85.940                 0.00000
3               1247.630 58005.0301542582691   77.553                 0.00000
C 3               1583.025 58005.0307372460713  134.557                 0.00000
C 3               1247.630 58005.0307372428391   96.301                 0.00000
3               1583.025 58005.0313207980909   74.126                 0.00000
3               1247.630 58005.0313207194615   79.722                 0.00000
3               1583.025 58005.0319038678210   83.980                 0.00000
3               1247.630 58005.0319037924043   72.108                 0.00000
3               1583.025 58005.0324869618879  111.589                 0.00000
3               1247.630 58005.0324868856084   75.849                 0.00000
3               1583.025 58005.0330702788175   62.028                 0.00000
3               1247.630 58005.0330702006061   77.187                 0.00000
3               1583.025 58005.0336534246164  144.698                 0.00000
3               1247.630 58005.0336533429187  108.438                 0.00000
C 3               1583.025 58005.0342365048021  116.792                 0.00000
C 3               1247.630 58005.0342366030998  110.204                 0.00000
3               1583.025 58005.0348195939560  122.403                 0.00000
3               1247.630 58005.0348195167671   79.655                 0.00000
3               1583.025 58005.0354028165543   68.041                 0.00000
3               1247.630 58005.0354027366625   78.210                 0.00000
3               1583.025 58005.0359858695749  127.733                 0.00000
C 3               1247.630 58005.0359859024586  108.871                 0.00000
3               1583.025 58005.0365691464857   81.652                 0.00000
3               1247.630 58005.0365690653285  101.251                 0.00000
3               1583.025 58005.0371522526414   84.496                 0.00000
3               1247.630 58005.0371521737136  131.098                 0.00000
3               1583.025 58005.0377353874254  111.510                 0.00000
3               1247.630 58005.0377353067077  136.063                 0.00000
3               1583.025 58005.0383185448509  108.316                 0.00000
3               1247.630 58005.0383184658399   74.758                 0.00000
3               1583.025 58005.0389017347822  109.869                 0.00000
3               1247.630 58005.0389016580956   71.965                 0.00000
C 3               1583.025 58005.0394849595291  157.963                 0.00000
C 3               1247.630 58005.0394849284188  102.005                 0.00000
C 3               1583.025 58005.0400678927586  143.371                 0.00000
3               1247.630 58005.0400679126975   95.226                 0.00000
3               1583.025 58005.0406512566633   77.439                 0.00000
C 3               1247.630 58005.0406512064876  100.785                 0.00000
C 3               1583.025 58005.0412342216781  118.893                 0.00000
3               1247.630 58005.0412342745367  205.469                 0.00000
3               1583.025 58005.0418170827105   78.756                 0.00000
C 3               1247.630 58005.0418169573991  164.503                 0.00000
3               1583.025 58005.0424004288507   62.924                 0.00000
C 3               1247.630 58005.0424003925806  105.757                 0.00000
3               1583.025 58005.0429836029888  116.894                 0.00000
C 3               1247.630 58005.0429835016681   68.359                 0.00000
C 3               1583.025 58005.0435668135861  140.322                 0.00000
3               1247.630 58005.0435667228481   66.779                 0.00000
3               1583.025 58005.0441498276322  134.080                 0.00000
C 3               1247.630 58005.0441496876327   65.560                 0.00000
C 3               1583.025 58005.0447329282874   95.151                 0.00000
C 3               1247.630 58005.0447329725438   87.414                 0.00000
C 3               1583.025 58005.0453160999796  101.078                 0.00000
C 3               1247.630 58005.0453160430066   46.218                 0.00000
C 3               1583.025 58005.0458992523441   82.052                 0.00000
C 3               1247.630 58005.0458991349529   91.616                 0.00000
C 3               1583.025 58005.0464823516386  118.614                 0.00000
C 3               1247.630 58005.0464823609397  109.774                 0.00000
3               1583.025 58005.0470655112314  141.819                 0.00000
C 3               1247.630 58005.0470655472353   97.193                 0.00000
C 3               1583.025 58005.0476486269144  180.475                 0.00000
3               1247.630 58005.0476485965096   83.469                 0.00000
C 3               1583.025 58005.0482319045456  151.016                 0.00000
3               1247.630 58005.0482317833194   48.778                 0.00000
C 3               1583.025 58005.0488150346471  216.425                 0.00000
3               1247.630 58005.0488149913584   79.189                 0.00000
3               1583.025 58005.0493980997852  108.942                 0.00000
3               1247.630 58005.0493980212096   91.016                 0.00000
3               1583.025 58005.0499813431729   90.279                 0.00000
3               1247.630 58005.0499812616598  123.289                 0.00000
3               1583.025 58005.0505644088424  101.343                 0.00000
3               1247.630 58005.0505643296101  204.952                 0.00000
C 3               1583.025 58005.0511475936788  101.236                 0.00000
3               1247.630 58005.0511476071982   71.806                 0.00000
3               1583.025 58005.0517307913644   78.937                 0.00000
3               1247.630 58005.0517307098482   84.136                 0.00000
3               1583.025 58005.0523142953705  129.289                 0.00000
3               1247.630 58005.0523142170788  133.082                 0.00000
3               1583.025 58005.0528972315570  203.542                 0.00000
3               1247.630 58005.0528971515979   88.522                 0.00000
3               1583.025 58005.0534803778846   76.930                 0.00000
3               1247.630 58005.0534802973888   80.060                 0.00000
3               1583.025 58005.0540635366446  117.857                 0.00000
3               1247.630 58005.0540634569611   65.176                 0.00000
3               1583.025 58005.0546467079617  128.071                 0.00000
C 3               1247.630 58005.0546466133731  157.878                 0.00000
C 3               1583.025 58005.0552297669954  175.708                 0.00000
3               1247.630 58005.0552298072901   83.826                 0.00000
3               1583.025 58005.0558130798546   74.549                 0.00000
C 3               1247.630 58005.0558131019415   86.752                 0.00000
3               1583.025 58005.0563960856188   67.232                 0.00000
3               1247.630 58005.0563960117677  139.850                 0.00000
3               1583.025 58005.0569792956010  136.564                 0.00000
3               1247.630 58005.0569792171384  116.010                 0.00000
3               1583.025 58005.0575625122403  120.224                 0.00000
3               1247.630 58005.0575624275737  142.138                 0.00000
3               1583.025 58005.0581455395057   93.289                 0.00000
3               1247.630 58005.0581454606744   67.259                 0.00000
3               1583.025 58005.0587287715151   82.181                 0.00000
3               1247.630 58005.0587286894771  128.458                 0.00000
3               1583.025 58005.0593120074231   92.863                 0.00000
3               1247.630 58005.0593119250399   63.776                 0.00000
3               1583.025 58005.0598950444468   85.361                 0.00000
3               1247.630 58005.0598949657548  136.286                 0.00000
3               1583.025 58005.0604782857362  105.474                 0.00000
3               1247.630 58005.0604782014697   54.044                 0.00000
3               1583.025 58005.0610613270893   68.701                 0.00000
3               1247.630 58005.0610612455073   89.877                 0.00000
3               1583.025 58005.0616445678202  164.165                 0.00000
C 3               1247.630 58005.0616445013864   96.852                 0.00000
C 3               1583.025 58005.0622274907066  142.446                 0.00000
3               1247.630 58005.0622275271300  121.435                 0.00000
3               1583.025 58005.0628104517133   60.514                 0.00000
3               1247.630 58005.0628103694522  131.022                 0.00000
C 3               1583.025 58005.0633933691597   82.010                 0.00000
C 3               1247.630 58005.0633933638527  120.537                 0.00000
C 3               1583.025 58005.0639766518811   91.568                 0.00000
3               1247.630 58005.0639766282467  126.262                 0.00000
3               1583.025 58005.0645599329086   80.466                 0.00000
C 3               1247.630 58005.0645599077005   75.871                 0.00000
C 3               1583.025 58005.0651429108181  153.156                 0.00000
3               1247.630 58005.0651428741628  155.012                 0.00000
3               1583.025 58005.0657261587071   81.175                 0.00000
3               1247.630 58005.0657260736756  208.147                 0.00000
3               1583.025 58005.0663093448168  140.883                 0.00000
C 3               1247.630 58005.0663093503407   84.275                 0.00000
C 3               1583.025 58005.0668922990740  141.672                 0.00000
C 3               1247.630 58005.0668923634154   86.692                 0.00000
C 3               1583.025 58005.0674755306655   78.696                 0.00000
3               1247.630 58005.0674754276183  158.992                 0.00000
C 3               1583.025 58005.0680585351071   74.023                 0.00000
C 3               1247.630 58005.0680586926474   92.071                 0.00000
C 3               1583.025 58005.0686417934710  100.951                 0.00000
C 3               1247.630 58005.0686417767836   62.217                 0.00000
3               1583.025 58005.0692249431995   86.843                 0.00000
C 3               1247.630 58005.0692249754446   52.471                 0.00000
C 3               1583.025 58005.0698082704422   71.960                 0.00000
3               1247.630 58005.0698081718663  112.838                 0.00000
C 3               1583.025 58005.0703912754827  102.893                 0.00000
3               1247.630 58005.0703912672834   60.785                 0.00000
C 3               1583.025 58005.0709742892434  123.899                 0.00000
3               1247.630 58005.0709743420201   47.950                 0.00000
3               1583.025 58005.0715576759773   70.664                 0.00000
3               1247.630 58005.0715575941859   51.742                 0.00000
C 3               1583.025 58005.0721407263563  164.204                 0.00000
3               1247.630 58005.0721406226045   66.411                 0.00000
C 3               1583.025 58005.0727238274418  157.077                 0.00000
C 3               1247.630 58005.0727238465693  126.682                 0.00000
3               1583.025 58005.0733072889730   97.849                 0.00000
3               1247.630 58005.0733072118485   65.919                 0.00000
3               1583.025 58005.0738904513513   76.874                 0.00000
3               1247.630 58005.0738903768111  137.916                 0.00000
3               1583.025 58005.0744735837798  134.604                 0.00000
3               1247.630 58005.0744735025588  111.942                 0.00000
C 3               1583.025 58005.0750566309310  145.872                 0.00000
3               1247.630 58005.0750566085968   76.579                 0.00000
3               1583.025 58005.0756399615249  110.120                 0.00000
C 3               1247.630 58005.0756398215141   69.435                 0.00000
3               1583.025 58005.0762230138660   75.865                 0.00000
C 3               1247.630 58005.0762228679979  116.769                 0.00000
C 3               1583.025 58005.0768062248463  135.027                 0.00000
C 3               1247.630 58005.0768061675040   66.586                 0.00000
3               1583.025 58005.0773892291631   78.029                 0.00000
C 3               1247.630 58005.0773892202203  224.233                 0.00000
3               1583.025 58005.0779723882297   91.815                 0.00000
C 3               1247.630 58005.0779723210239  116.379                 0.00000
3               1583.025 58005.0785555159583   75.714                 0.00000
C 3               1247.630 58005.0785554189554  291.680                 0.00000
3               1583.025 58005.0791388102106   77.395                 0.00000
3               1247.630 58005.0791387285541   64.724                 0.00000
3               1583.025 58005.0797218729771  106.041                 0.00000
C 3               1247.630 58005.0797218821176  131.737                 0.00000
3               1583.025 58005.0803051030398   77.480                 0.00000
3               1247.630 58005.0803050231708   80.854                 0.00000
3               1583.025 58005.0808881054083  159.992                 0.00000
3               1247.630 58005.0808880246027   86.816                 0.00000
3               1583.025 58005.0814712711225  121.581                 0.00000
3               1247.630 58005.0814711935696  142.842                 0.00000
3               1583.025 58005.0820546028055  105.722                 0.00000
C 3               1247.630 58005.0820545302642   99.900                 0.00000
C 3               1583.025 58005.0826376925785   71.070                 0.00000
C 3               1247.630 58005.0826376386221   99.543                 0.00000
3               1583.025 58005.0832207715462  110.028                 0.00000
3               1247.630 58005.0832206935595   68.751                 0.00000
3               1583.025 58005.0838038099934   88.405                 0.00000
C 3               1247.630 58005.0838037716835   88.817                 0.00000
3               1583.025 58005.0843868155210   67.431                 0.00000
3               1247.630 58005.0843867380535   69.869                 0.00000
3               1583.025 58005.0849699873625  113.097                 0.00000
3               1247.630 58005.0849699093117   56.498                 0.00000
3               1583.025 58005.0855531305058   88.572                 0.00000
3               1247.630 58005.0855530487119  106.863                 0.00000
3               1583.025 58005.0861364360037  119.883                 0.00000
3               1247.630 58005.0861363583792   55.952                 0.00000
3               1583.025 58005.0867197173007   93.131                 0.00000
3               1247.630 58005.0867196374781   50.957                 0.00000
3               1583.025 58005.0873025748888  103.620                 0.00000
3               1247.630 58005.0873024963632  122.171                 0.00000
3               1583.025 58005.0878859945047   77.049                 0.00000
3               1247.630 58005.0878859163598   84.598                 0.00000
3               1583.025 58005.0884689950976   81.883                 0.00000
C 3               1247.630 58005.0884689074006   97.931                 0.00000
3               1583.025 58005.0890521652661  118.208                 0.00000
3               1247.630 58005.0890520877780  139.866                 0.00000
3               1583.025 58005.0896353180507  127.980                 0.00000
C 3               1247.630 58005.0896353306613  153.036                 0.00000
C 3               1583.025 58005.0901015866507  258.661                 0.00000
3               1247.630 58005.0901016599963   91.483                 0.00000

3               1582.136 58005.0920308521556   77.389                 0.00000
3               1252.438 58005.0920307496865  107.542                 0.00000
C 3               1582.136 58005.0926143745801  141.488                 0.00000
3               1252.438 58005.0926143835608   66.336                 0.00000
3               1582.136 58005.0931975219922   94.572                 0.00000
3               1252.438 58005.0931974175229   81.191                 0.00000
3               1582.136 58005.0937811293069   79.570                 0.00000
C 3               1252.438 58005.0937810333114   95.049                 0.00000
3               1582.136 58005.0943641368461  139.156                 0.00000
C 3               1252.438 58005.0943640097583  127.391                 0.00000
3               1582.136 58005.0949473306744   70.369                 0.00000
3               1252.438 58005.0949472279137  125.755                 0.00000
3               1582.136 58005.0955305157538  109.805                 0.00000
3               1252.438 58005.0955304132456  158.955                 0.00000
3               1582.136 58005.0961136933263  102.449                 0.00000
C 3               1252.438 58005.0961135726215  144.603                 0.00000
C 3               1582.136 58005.0966968928934   89.014                 0.00000
C 3               1252.438 58005.0966968806852  302.764                 0.00000
3               1582.136 58005.0972800396669  112.015                 0.00000
3               1252.438 58005.0972799351087  158.823                 0.00000
3               1582.136 58005.0978632021540  150.200                 0.00000
3               1252.438 58005.0978631004368   91.222                 0.00000
C 3               1582.136 58005.0984463982855  125.369                 0.00000
C 3               1252.438 58005.0984463527957  105.366                 0.00000
C 3               1582.136 58005.0990295511152  102.327                 0.00000
3               1252.438 58005.0990294409047   88.387                 0.00000
C 3               1582.136 58005.0995541565247  118.366                 0.00000
C 3               1252.438 58005.0995542773755  131.198                 0.00000

3               1604.534 58007.0159201336935   87.909                 0.00000
3               1253.609 58007.0159200747495   94.717                 0.00000
3               1604.534 58007.0165036914988   92.168                 0.00000
3               1253.609 58007.0165036302551   74.269                 0.00000
3               1604.534 58007.0170868660247   71.652                 0.00000
3               1253.609 58007.0170868043655   93.923                 0.00000
3               1604.534 58007.0176700514299   58.692                 0.00000
3               1253.609 58007.0176699924519   76.970                 0.00000
3               1604.534 58007.0182530509878   63.349                 0.00000
3               1253.609 58007.0182529904740   85.653                 0.00000
3               1604.534 58007.0188362550519   74.658                 0.00000
3               1253.609 58007.0188361959462   73.864                 0.00000
3               1604.534 58007.0194194681723   72.107                 0.00000
3               1253.609 58007.0194194085497   76.601                 0.00000
3               1604.534 58007.0200024917024   57.995                 0.00000
3               1253.609 58007.0200024324410   78.130                 0.00000
3               1604.534 58007.0205857197174   50.274                 0.00000
3               1253.609 58007.0205856568013   91.482                 0.00000
C 3               1604.534 58007.0211685635548  206.017                 0.00000
3               1253.609 58007.0211684972010   66.973                 0.00000
3               1604.534 58007.0217515956822   77.449                 0.00000
3               1253.609 58007.0217515375141   63.542                 0.00000
3               1604.534 58007.0223350322626   71.202                 0.00000
3               1253.609 58007.0223349727584   52.901                 0.00000
3               1604.534 58007.0229180748164   56.410                 0.00000
3               1253.609 58007.0229180142158   77.131                 0.00000
3               1604.534 58007.0235011190361  132.713                 0.00000
3               1253.609 58007.0235010604235   69.570                 0.00000
3               1604.534 58007.0240841641764   63.753                 0.00000
3               1253.609 58007.0240841020708   48.386                 0.00000
3               1604.534 58007.0246674003508   95.577                 0.00000
3               1253.609 58007.0246673411792   62.311                 0.00000
3               1604.534 58007.0252504401120   54.964                 0.00000
3               1253.609 58007.0252503785266   89.910                 0.00000
3               1604.534 58007.0258336720415   57.317                 0.00000
3               1253.609 58007.0258336119964   89.529                 0.00000
3               1604.534 58007.0264167032184   94.498                 0.00000
3               1253.609 58007.0264166422092   60.952                 0.00000
3               1604.534 58007.0269999223890   71.434                 0.00000
3               1253.609 58007.0269998617679   62.633                 0.00000
3               1604.534 58007.0275831344824  108.376                 0.00000
3               1253.609 58007.0275830748995   48.817                 0.00000
3               1604.534 58007.0281661427235   86.650                 0.00000
3               1253.609 58007.0281660821018   70.440                 0.00000
3               1604.534 58007.0287493340410  176.728                 0.00000
3               1253.609 58007.0287492774665  101.625                 0.00000
C 3               1604.534 58007.0293325222326  107.120                 0.00000
C 3               1253.609 58007.0293325248095  106.665                 0.00000
3               1604.534 58007.0299156852017   78.697                 0.00000
3               1253.609 58007.0299156212582  100.629                 0.00000
3               1604.534 58007.0304988441447  148.227                 0.00000
C 3               1253.609 58007.0304987976362   85.875                 0.00000
C 3               1604.534 58007.0310529945639   93.528                 0.00000
3               1253.609 58007.0310528440758   62.984                 0.00000
C 3               1604.534 58007.0316655009359  147.506                 0.00000
3               1253.609 58007.0316654403106  128.138                 0.00000
C 3               1604.534 58007.0322484366456  259.901                 0.00000
3               1253.609 58007.0322483517369  139.352                 0.00000
3               1604.534 58007.0328316973401   88.703                 0.00000
C 3               1253.609 58007.0328317404950   83.116                 0.00000
C 3               1604.534 58007.0334150200840   81.506                 0.00000
C 3               1253.609 58007.0334150573406  207.601                 0.00000
3               1604.534 58007.0339980125277  103.166                 0.00000
3               1253.609 58007.0339979516329   56.620                 0.00000
C 3               1604.534 58007.0345812239594   91.120                 0.00000
3               1253.609 58007.0345811767181  177.018                 0.00000
3               1604.534 58007.0351642397195  131.720                 0.00000
3               1253.609 58007.0351641806172   45.750                 0.00000
3               1604.534 58007.0357474169493   52.804                 0.00000
3               1253.609 58007.0357473566208   53.809                 0.00000
3               1604.534 58007.0363305692267   66.724                 0.00000
3               1253.609 58007.0363305095878   58.543                 0.00000
3               1604.534 58007.0369136964790   67.844                 0.00000
3               1253.609 58007.0369136363192   60.730                 0.00000
3               1604.534 58007.0374967959417   73.171                 0.00000
3               1253.609 58007.0374967359886   60.190                 0.00000
C 3               1604.534 58007.0380801715417  119.082                 0.00000
3               1253.609 58007.0380800043499   46.960                 0.00000
3               1604.534 58007.0386631108103  119.707                 0.00000
3               1253.609 58007.0386630477618   47.312                 0.00000
C 3               1604.534 58007.0392464248910   91.488                 0.00000
3               1253.609 58007.0392462596623   73.395                 0.00000
3               1604.534 58007.0398293044285   88.203                 0.00000
3               1253.609 58007.0398292445472   40.482                 0.00000
C 3               1604.534 58007.0404124666978   78.241                 0.00000
3               1253.609 58007.0404123963904   66.947                 0.00000
3               1604.534 58007.0409955746803   59.725                 0.00000
3               1253.609 58007.0409955162638  112.242                 0.00000
3               1604.534 58007.0415790577522   76.981                 0.00000
3               1253.609 58007.0415789984505   59.683                 0.00000
3               1604.534 58007.0421617227113   55.322                 0.00000
3               1253.609 58007.0421616622281   51.670                 0.00000
3               1604.534 58007.0427449433657   49.586                 0.00000
3               1253.609 58007.0427448843999   60.719                 0.00000
3               1604.534 58007.0433281323891   80.088                 0.00000
3               1253.609 58007.0433280772066   55.571                 0.00000
3               1604.534 58007.0439112917755  110.660                 0.00000
3               1253.609 58007.0439112331334   74.151                 0.00000
3               1604.534 58007.0444944166597   46.493                 0.00000
3               1253.609 58007.0444943564542   61.556                 0.00000
3               1604.534 58007.0450775083509   88.393                 0.00000
3               1253.609 58007.0450774501157   46.846                 0.00000
3               1604.534 58007.0456607632726  106.815                 0.00000
3               1253.609 58007.0456607089812   69.040                 0.00000
C 3               1604.534 58007.0462439170842  110.821                 0.00000
3               1253.609 58007.0462437377015   58.419                 0.00000
3               1604.534 58007.0468269904844   80.811                 0.00000
3               1253.609 58007.0468269336573   96.521                 0.00000
3               1604.534 58007.0474101545033   61.064                 0.00000
3               1253.609 58007.0474100988139   90.975                 0.00000
3               1604.534 58007.0479932896535   70.328                 0.00000
3               1253.609 58007.0479932297573   64.015                 0.00000
3               1604.534 58007.0485763935750  117.129                 0.00000
3               1253.609 58007.0485763354623   72.377                 0.00000
3               1604.534 58007.0491596651744   89.548                 0.00000
3               1253.609 58007.0491596071212  154.757                 0.00000
3               1604.534 58007.0497427128467   60.198                 0.00000
3               1253.609 58007.0497426547555   65.146                 0.00000
3               1604.534 58007.0503259308225   63.253                 0.00000
3               1253.609 58007.0503258715747   64.659                 0.00000
3               1604.534 58007.0509091211659   68.548                 0.00000
3               1253.609 58007.0509090623356   67.399                 0.00000
3               1604.534 58007.0514920913939   97.417                 0.00000
3               1253.609 58007.0514920333775   81.643                 0.00000
3               1604.534 58007.0520754296560   59.403                 0.00000
3               1253.609 58007.0520753718910   72.172                 0.00000
3               1604.534 58007.0526587475188   51.690                 0.00000
3               1253.609 58007.0526586890571   97.884                 0.00000
3               1604.534 58007.0532420435878   70.583                 0.00000
3               1253.609 58007.0532419861860  126.416                 0.00000
3               1604.534 58007.0538249268404   56.206                 0.00000
3               1253.609 58007.0538248703286   51.813                 0.00000
3               1604.534 58007.0544081876516   53.886                 0.00000
3               1253.609 58007.0544081297369   81.285                 0.00000
3               1604.534 58007.0549914295425   76.440                 0.00000
3               1253.609 58007.0549913700380   64.054                 0.00000
3               1604.534 58007.0555744617446   45.184                 0.00000
3               1253.609 58007.0555744026214   68.482                 0.00000
3               1604.534 58007.0561576763226  244.800                 0.00000
3               1253.609 58007.0561576168692   74.036                 0.00000
3               1604.534 58007.0567408780290  144.244                 0.00000
3               1253.609 58007.0567408205510   60.048                 0.00000
3               1604.534 58007.0573240728573   44.610                 0.00000
3               1253.609 58007.0573240144320   48.665                 0.00000
3               1604.534 58007.0579072575912   58.319                 0.00000
3               1253.609 58007.0579071994424   68.136                 0.00000
3               1604.534 58007.0584902394124   66.966                 0.00000
3               1253.609 58007.0584901812067   55.419                 0.00000
3               1604.534 58007.0590736111826   75.683                 0.00000
3               1253.609 58007.0590735516328   68.789                 0.00000
3               1604.534 58007.0596565824311   74.354                 0.00000
3               1253.609 58007.0596565246929   70.680                 0.00000
3               1604.534 58007.0602397526747  161.023                 0.00000
3               1253.609 58007.0602396931000   55.616                 0.00000
3               1604.534 58007.0608229215994   56.256                 0.00000
3               1253.609 58007.0608228623591   63.594                 0.00000
3               1604.534 58007.0614060921570   72.319                 0.00000
3               1253.609 58007.0614060340786   65.019                 0.00000
C 3               1604.534 58007.0619892880236  105.629                 0.00000
3               1253.609 58007.0619892082112   52.612                 0.00000
3               1604.534 58007.0625720533580   77.531                 0.00000
3               1253.609 58007.0625719939164   91.808                 0.00000
3               1604.534 58007.0631554357982   51.163                 0.00000
3               1253.609 58007.0631553764461   59.809                 0.00000
3               1604.534 58007.0637386290054  100.536                 0.00000
3               1253.609 58007.0637385708808   44.316                 0.00000
3               1604.534 58007.0643216349899   56.260                 0.00000
3               1253.609 58007.0643215777391  109.843                 0.00000
3               1604.534 58007.0649048490749   70.050                 0.00000
3               1253.609 58007.0649047921074   86.576                 0.00000
3               1604.534 58007.0654880756684   71.264                 0.00000
3               1253.609 58007.0654880175787   67.487                 0.00000
3               1604.534 58007.0660711197314   61.862                 0.00000
3               1253.609 58007.0660710609851   52.103                 0.00000
3               1604.534 58007.0666543740516  124.894                 0.00000
3               1253.609 58007.0666543152961   59.454                 0.00000
3               1604.534 58007.0672374477325   66.268                 0.00000
3               1253.609 58007.0672373891485   60.358                 0.00000
3               1604.534 58007.0678205410281  142.063                 0.00000
3               1253.609 58007.0678204811343   66.481                 0.00000
C 3               1604.534 58007.0684039273211   95.229                 0.00000
3               1253.609 58007.0684037861278   73.151                 0.00000
C 3               1604.534 58007.0689870920524  167.830                 0.00000
3               1253.609 58007.0689869129843  194.839                 0.00000
3               1604.534 58007.0695701206814   68.511                 0.00000
3               1253.609 58007.0695700619925   59.950                 0.00000
3               1604.534 58007.0701530912639   98.441                 0.00000
3               1253.609 58007.0701530343316   57.753                 0.00000
3               1604.534 58007.0707362831991   71.641                 0.00000
3               1253.609 58007.0707362260182   65.621                 0.00000
3               1604.534 58007.0713194904684   89.537                 0.00000
3               1253.609 58007.0713194374225  137.403                 0.00000
3               1604.534 58007.0719025372584   70.136                 0.00000
3               1253.609 58007.0719024798100   65.419                 0.00000
3               1604.534 58007.0724857961853   59.906                 0.00000
3               1253.609 58007.0724857378131   50.412                 0.00000
3               1604.534 58007.0730692765146   71.073                 0.00000
3               1253.609 58007.0730692189487   63.786                 0.00000
3               1604.534 58007.0736521953891   63.185                 0.00000
3               1253.609 58007.0736521343918   68.979                 0.00000
3               1604.534 58007.0742355291988   94.140                 0.00000
3               1253.609 58007.0742354737587  121.010                 0.00000
3               1604.534 58007.0748184944276  155.139                 0.00000
3               1253.609 58007.0748184362174   50.576                 0.00000
3               1604.534 58007.0754016855526   58.886                 0.00000
3               1253.609 58007.0754016266688   51.242                 0.00000
3               1604.534 58007.0759849016839   63.937                 0.00000
3               1253.609 58007.0759848412915   68.352                 0.00000
3               1604.534 58007.0765679480505  104.547                 0.00000
3               1253.609 58007.0765678903211   65.361                 0.00000
3               1604.534 58007.0771512167675   67.790                 0.00000
3               1253.609 58007.0771511584739   57.584                 0.00000
3               1604.534 58007.0777343159362   54.340                 0.00000
3               1253.609 58007.0777342563267   47.857                 0.00000
3               1604.534 58007.0783174411836   53.296                 0.00000
C 3               1253.609 58007.0783175655393  100.972                 0.00000
3               1604.534 58007.0789005955973   47.128                 0.00000
3               1253.609 58007.0789005331957   67.662                 0.00000
3               1604.534 58007.0794837751282  124.917                 0.00000
3               1253.609 58007.0794837166772   53.732                 0.00000
3               1604.534 58007.0800669808353   66.382                 0.00000
3               1253.609 58007.0800669230588   78.649                 0.00000
3               1604.534 58007.0806500176739   86.345                 0.00000
3               1253.609 58007.0806499608679   87.270                 0.00000
3               1604.534 58007.0812332791214   89.174                 0.00000
3               1253.609 58007.0812332203403   60.524                 0.00000
3               1604.534 58007.0818163644597   82.296                 0.00000
3               1253.609 58007.0818163123423   87.395                 0.00000
C 3               1604.534 58007.0823996994011   94.499                 0.00000
3               1253.609 58007.0823996221369   61.115                 0.00000
3               1604.534 58007.0829828223100  111.508                 0.00000
3               1253.609 58007.0829827646751   58.381                 0.00000
3               1604.534 58007.0835654014408   49.077                 0.00000
3               1253.609 58007.0835653433689  239.741                 0.00000
3               1604.534 58007.0841487927515   56.360                 0.00000
3               1253.609 58007.0841487319984  101.918                 0.00000
3               1604.534 58007.0847320089472   94.181                 0.00000
3               1253.609 58007.0847319479874   61.929                 0.00000
C 3               1604.534 58007.0853151120830  115.600                 0.00000
3               1253.609 58007.0853149932549   78.134                 0.00000
3               1604.534 58007.0858983194662  120.723                 0.00000
3               1253.609 58007.0858982592974   64.447                 0.00000
3               1604.534 58007.0864814120418   77.789                 0.00000
3               1253.609 58007.0864813525271   55.718                 0.00000
3               1604.534 58007.0870645267153  164.878                 0.00000
3               1253.609 58007.0870644668825   59.056                 0.00000
3               1604.534 58007.0876476639014  107.737                 0.00000
3               1253.609 58007.0876476033514   59.576                 0.00000
3               1604.534 58007.0882308211788   63.518                 0.00000
3               1253.609 58007.0882307642960   82.141                 0.00000
3               1604.534 58007.0888140035368   58.591                 0.00000
3               1253.609 58007.0888139428311   99.472                 0.00000
3               1604.534 58007.0893970101028   67.707                 0.00000
3               1253.609 58007.0893969479954   53.822                 0.00000
3               1604.534 58007.0899802284303   57.165                 0.00000
3               1253.609 58007.0899801698284   61.050                 0.00000
C 3               1604.534 58007.0905635662517   96.510                 0.00000
3               1253.609 58007.0905634090567   47.072                 0.00000
3               1604.534 58007.0911465306128   98.552                 0.00000
3               1253.609 58007.0911464704816   62.070                 0.00000
3               1604.534 58007.0917298091537  140.854                 0.00000
3               1253.609 58007.0917297474334   77.766                 0.00000
3               1604.534 58007.0923129024165  182.414                 0.00000
3               1253.609 58007.0923128445978  102.019                 0.00000
3               1604.534 58007.0928960153836   71.933                 0.00000
3               1253.609 58007.0928959561830   57.931                 0.00000
3               1604.534 58007.0934207917081   88.481                 0.00000
3               1253.609 58007.0934207316399   93.888                 0.00000
JUMP_1
JUMP_2
3                301.804 57991.0802062659682  101.626                 0.00000
3                351.804 57991.0802061518662   54.968                 0.00000
3                301.804 57991.0806858279618   72.309                 0.00000
3                351.804 57991.0806857141002   57.783                 0.00000
3                301.804 57991.0811614720836   79.096                 0.00000
3                351.804 57991.0811613577687   53.085                 0.00000
3                301.804 57991.0816371260779   54.607                 0.00000
3                351.804 57991.0816370115320   70.730                 0.00000
3                301.804 57991.0821129872664   63.165                 0.00000
3                351.804 57991.0821128730832   46.416                 0.00000
3                301.804 57991.0825886598629  114.471                 0.00000
3                351.804 57991.0825885442878   75.538                 0.00000
3                301.804 57991.0830645340386   60.968                 0.00000
3                351.804 57991.0830644213250  103.652                 0.00000
3                301.804 57991.0833614215557   62.165                 0.00000
3                351.804 57991.0833613067404  104.800                 0.00000
JUMP_2
JUMP_3
3                404.804 57991.1061384599216  159.925                 0.00000
3                454.804 57991.1061384313446  128.327                 0.00000
3                404.804 57991.1087588570022  133.561                 0.00000
C 3                454.804 57991.1087588162801  128.394                 0.00000
JUMP_3
